finger1 = [44.0 	50.0 	460.0	89.0 	30.0 	31.0 	37.0 	183.0	
46.0 	51.0 	472.0	83.0 	30.0 	31.0 	28.0 	143.0	
46.0 	54.0 	446.0	83.0 	33.0 	27.0 	30.0 	180.0	
48.0 	47.0 	407.0	80.0 	36.0 	29.0 	27.0 	158.0	
46.0 	48.0 	405.0	61.0 	33.0 	29.0 	25.0 	143.0	
45.0 	47.0 	404.0	64.0 	34.0 	27.0 	26.0 	149.0	
44.0 	58.0 	423.0	65.0 	33.0 	25.0 	25.0 	150.0	
43.0 	59.0 	514.0	73.0 	30.0 	25.0 	23.0 	148.0	
46.0 	71.0 	570.0	78.0 	31.0 	23.0 	23.0 	145.0	
48.0 	68.0 	547.0	80.0 	30.0 	23.0 	21.0 	147.0	
51.0 	70.0 	549.0	79.0 	31.0 	25.0 	21.0 	142.0	
48.0 	60.0 	524.0	74.0 	30.0 	27.0 	23.0 	149.0	
44.0 	58.0 	503.0	69.0 	34.0 	25.0 	26.0 	157.0	
40.0 	42.0 	438.0	64.0 	30.0 	25.0 	26.0 	156.0	
50.0 	46.0 	384.0	57.0 	31.0 	24.0 	26.0 	157.0	
50.0 	43.0 	403.0	63.0 	35.0 	26.0 	29.0 	155.0	
50.0 	45.0 	398.0	66.0 	35.0 	24.0 	28.0 	152.0	
49.0 	43.0 	309.0	63.0 	31.0 	25.0 	26.0 	130.0	
50.0 	50.0 	331.0	62.0 	33.0 	25.0 	25.0 	135.0	
43.0 	46.0 	326.0	70.0 	33.0 	26.0 	26.0 	135.0	
47.0 	46.0 	290.0	65.0 	26.0 	23.0 	23.0 	135.0	
49.0 	55.0 	325.0	69.0 	28.0 	24.0 	23.0 	129.0	
50.0 	60.0 	415.0	86.0 	29.0 	24.0 	22.0 	79.0 	
47.0 	57.0 	413.0	89.0 	28.0 	25.0 	21.0 	63.0 	
49.0 	64.0 	519.0	104.0	29.0 	29.0 	19.0 	53.0 	
47.0 	66.0 	525.0	107.0	32.0 	28.0 	19.0 	115.0	
46.0 	59.0 	560.0	116.0	32.0 	28.0 	22.0 	117.0	
45.0 	54.0 	493.0	104.0	34.0 	26.0 	23.0 	119.0	
44.0 	59.0 	504.0	104.0	35.0 	27.0 	24.0 	119.0	
47.0 	48.0 	420.0	87.0 	33.0 	24.0 	27.0 	119.0	
44.0 	46.0 	423.0	85.0 	33.0 	25.0 	27.0 	56.0 	
44.0 	51.0 	408.0	76.0 	31.0 	26.0 	26.0 	48.0 	
47.0 	53.0 	424.0	74.0 	31.0 	29.0 	24.0 	38.0 	
54.0 	42.0 	403.0	68.0 	29.0 	27.0 	23.0 	36.0 	
46.0 	41.0 	368.0	62.0 	29.0 	25.0 	21.0 	27.0 	
51.0 	43.0 	406.0	57.0 	28.0 	26.0 	19.0 	26.0 	
52.0 	37.0 	374.0	58.0 	28.0 	23.0 	22.0 	26.0 	
55.0 	36.0 	378.0	72.0 	43.0 	23.0 	25.0 	25.0 	
51.0 	41.0 	400.0	79.0 	52.0 	30.0 	28.0 	27.0 	
52.0 	57.0 	411.0	82.0 	57.0 	31.0 	28.0 	26.0 	
49.0 	59.0 	385.0	84.0 	57.0 	31.0 	28.0 	25.0 	
78.0 	65.0 	431.0	84.0 	62.0 	33.0 	26.0 	25.0 	
105.0	68.0 	463.0	76.0 	52.0 	31.0 	24.0 	25.0 	
129.0	68.0 	443.0	82.0 	45.0 	25.0 	21.0 	24.0 	
131.0	95.0 	489.0	90.0 	42.0 	23.0 	20.0 	26.0 	
165.0	94.0 	494.0	93.0 	42.0 	26.0 	21.0 	26.0 	
161.0	93.0 	435.0	89.0 	35.0 	23.0 	23.0 	26.0 	
150.0	95.0 	383.0	100.0	36.0 	24.0 	22.0 	25.0 	
133.0	99.0 	428.0	94.0 	33.0 	24.0 	24.0 	23.0 	
132.0	72.0 	403.0	94.0 	29.0 	26.0 	24.0 	23.0 	
];finger2 = [67.0 	70.0 	429.0	100.0	33.0 	27.0 	23.0 	24.0 	
56.0 	98.0 	451.0	97.0 	36.0 	28.0 	27.0 	29.0 	
46.0 	98.0 	401.0	93.0 	36.0 	27.0 	25.0 	31.0 	
52.0 	96.0 	380.0	81.0 	38.0 	29.0 	24.0 	30.0 	
51.0 	97.0 	423.0	76.0 	36.0 	29.0 	27.0 	30.0 	
52.0 	97.0 	397.0	68.0 	35.0 	29.0 	26.0 	31.0 	
47.0 	66.0 	447.0	61.0 	35.0 	27.0 	22.0 	28.0 	
46.0 	59.0 	469.0	72.0 	36.0 	29.0 	23.0 	28.0 	
37.0 	61.0 	475.0	104.0	39.0 	26.0 	25.0 	28.0 	
35.0 	62.0 	465.0	108.0	41.0 	31.0 	23.0 	26.0 	
30.0 	56.0 	442.0	118.0	40.0 	30.0 	23.0 	24.0 	
36.0 	56.0 	391.0	117.0	38.0 	29.0 	22.0 	24.0 	
38.0 	51.0 	407.0	112.0	39.0 	30.0 	22.0 	21.0 	
38.0 	45.0 	396.0	92.0 	33.0 	30.0 	19.0 	18.0 	
44.0 	42.0 	385.0	89.0 	31.0 	23.0 	21.0 	19.0 	
45.0 	44.0 	403.0	69.0 	34.0 	24.0 	20.0 	18.0 	
43.0 	45.0 	400.0	75.0 	33.0 	26.0 	22.0 	16.0 	
41.0 	50.0 	398.0	75.0 	32.0 	24.0 	23.0 	19.0 	
38.0 	52.0 	410.0	70.0 	36.0 	27.0 	22.0 	20.0 	
50.0 	51.0 	472.0	68.0 	33.0 	27.0 	21.0 	23.0 	
52.0 	52.0 	489.0	68.0 	31.0 	27.0 	21.0 	24.0 	
53.0 	61.0 	504.0	67.0 	36.0 	26.0 	22.0 	25.0 	
55.0 	63.0 	468.0	68.0 	35.0 	25.0 	23.0 	26.0 	
57.0 	63.0 	430.0	69.0 	32.0 	21.0 	23.0 	26.0 	
47.0 	65.0 	387.0	74.0 	33.0 	21.0 	24.0 	25.0 	
45.0 	64.0 	429.0	82.0 	34.0 	22.0 	24.0 	25.0 	
42.0 	54.0 	417.0	72.0 	29.0 	22.0 	22.0 	23.0 	
38.0 	50.0 	422.0	74.0 	31.0 	23.0 	22.0 	20.0 	
42.0 	62.0 	462.0	78.0 	32.0 	23.0 	22.0 	23.0 	
34.0 	60.0 	446.0	88.0 	30.0 	24.0 	22.0 	21.0 	
34.0 	60.0 	416.0	83.0 	31.0 	22.0 	21.0 	22.0 	
38.0 	64.0 	433.0	81.0 	31.0 	21.0 	23.0 	22.0 	
41.0 	62.0 	454.0	88.0 	31.0 	22.0 	20.0 	23.0 	
35.0 	54.0 	427.0	93.0 	30.0 	23.0 	22.0 	21.0 	
35.0 	56.0 	416.0	88.0 	33.0 	22.0 	21.0 	21.0 	
34.0 	64.0 	374.0	96.0 	34.0 	22.0 	21.0 	22.0 	
27.0 	57.0 	306.0	99.0 	36.0 	24.0 	20.0 	21.0 	
24.0 	58.0 	283.0	94.0 	37.0 	24.0 	20.0 	23.0 	
23.0 	54.0 	296.0	91.0 	38.0 	26.0 	19.0 	22.0 	
35.0 	55.0 	278.0	98.0 	38.0 	27.0 	20.0 	23.0 	
36.0 	49.0 	306.0	101.0	37.0 	27.0 	21.0 	24.0 	
37.0 	48.0 	390.0	107.0	37.0 	25.0 	24.0 	26.0 	
38.0 	47.0 	405.0	109.0	37.0 	24.0 	24.0 	23.0 	
40.0 	50.0 	445.0	108.0	35.0 	26.0 	24.0 	25.0 	
31.0 	48.0 	453.0	99.0 	32.0 	27.0 	25.0 	25.0 	
30.0 	47.0 	480.0	90.0 	34.0 	27.0 	24.0 	24.0 	
35.0 	48.0 	436.0	79.0 	32.0 	29.0 	22.0 	24.0 	
32.0 	49.0 	437.0	90.0 	30.0 	29.0 	24.0 	24.0 	
28.0 	45.0 	381.0	93.0 	35.0 	24.0 	22.0 	22.0 	
28.0 	43.0 	362.0	91.0 	34.0 	26.0 	24.0 	21.0 	
];finger3 = [27.0 	40.0 	504.0	132.0	33.0 	23.0 	25.0 	22.0 	
28.0 	35.0 	519.0	122.0	34.0 	23.0 	22.0 	22.0 	
30.0 	34.0 	561.0	124.0	32.0 	25.0 	25.0 	22.0 	
33.0 	33.0 	560.0	126.0	34.0 	22.0 	24.0 	23.0 	
31.0 	31.0 	457.0	118.0	33.0 	23.0 	24.0 	23.0 	
26.0 	31.0 	382.0	87.0 	33.0 	23.0 	22.0 	19.0 	
34.0 	34.0 	336.0	87.0 	35.0 	23.0 	22.0 	20.0 	
32.0 	40.0 	312.0	89.0 	35.0 	23.0 	20.0 	19.0 	
31.0 	41.0 	360.0	93.0 	37.0 	26.0 	19.0 	18.0 	
32.0 	43.0 	363.0	99.0 	41.0 	26.0 	20.0 	21.0 	
33.0 	44.0 	442.0	111.0	39.0 	27.0 	21.0 	21.0 	
26.0 	45.0 	452.0	121.0	39.0 	27.0 	22.0 	21.0 	
28.0 	39.0 	414.0	115.0	38.0 	27.0 	22.0 	21.0 	
26.0 	36.0 	376.0	110.0	34.0 	26.0 	20.0 	22.0 	
26.0 	38.0 	365.0	105.0	31.0 	25.0 	21.0 	21.0 	
31.0 	38.0 	231.0	94.0 	33.0 	25.0 	18.0 	21.0 	
31.0 	43.0 	297.0	82.0 	32.0 	26.0 	19.0 	21.0 	
31.0 	44.0 	315.0	95.0 	37.0 	24.0 	18.0 	20.0 	
34.0 	48.0 	321.0	100.0	44.0 	26.0 	20.0 	21.0 	
34.0 	43.0 	306.0	92.0 	43.0 	26.0 	20.0 	20.0 	
30.0 	49.0 	345.0	96.0 	43.0 	24.0 	20.0 	19.0 	
27.0 	50.0 	350.0	106.0	44.0 	24.0 	19.0 	20.0 	
29.0 	49.0 	338.0	94.0 	41.0 	24.0 	19.0 	20.0 	
26.0 	51.0 	408.0	96.0 	39.0 	20.0 	18.0 	18.0 	
35.0 	56.0 	518.0	100.0	40.0 	23.0 	21.0 	20.0 	
35.0 	57.0 	534.0	98.0 	39.0 	26.0 	22.0 	22.0 	
40.0 	53.0 	490.0	90.0 	38.0 	25.0 	24.0 	22.0 	
42.0 	54.0 	550.0	95.0 	38.0 	26.0 	25.0 	21.0 	
42.0 	49.0 	520.0	88.0 	34.0 	25.0 	25.0 	23.0 	
35.0 	46.0 	451.0	86.0 	33.0 	22.0 	24.0 	21.0 	
35.0 	40.0 	418.0	91.0 	34.0 	20.0 	21.0 	21.0 	
37.0 	40.0 	462.0	87.0 	33.0 	22.0 	21.0 	22.0 	
35.0 	44.0 	416.0	78.0 	34.0 	28.0 	21.0 	24.0 	
35.0 	43.0 	388.0	83.0 	36.0 	28.0 	21.0 	23.0 	
35.0 	40.0 	337.0	99.0 	34.0 	28.0 	20.0 	24.0 	
34.0 	35.0 	309.0	98.0 	34.0 	27.0 	22.0 	25.0 	
24.0 	39.0 	233.0	102.0	33.0 	27.0 	21.0 	23.0 	
20.0 	31.0 	172.0	107.0	33.0 	23.0 	20.0 	21.0 	
20.0 	34.0 	230.0	114.0	31.0 	23.0 	20.0 	21.0 	
31.0 	35.0 	236.0	107.0	35.0 	26.0 	20.0 	19.0 	
33.0 	42.0 	250.0	120.0	37.0 	26.0 	19.0 	21.0 	
32.0 	39.0 	275.0	118.0	35.0 	26.0 	19.0 	20.0 	
32.0 	41.0 	277.0	119.0	32.0 	25.0 	19.0 	19.0 	
33.0 	41.0 	253.0	115.0	34.0 	28.0 	19.0 	20.0 	
27.0 	43.0 	275.0	111.0	31.0 	25.0 	20.0 	22.0 	
24.0 	40.0 	287.0	91.0 	28.0 	27.0 	20.0 	19.0 	
30.0 	43.0 	294.0	89.0 	33.0 	28.0 	22.0 	21.0 	
31.0 	48.0 	351.0	87.0 	33.0 	27.0 	22.0 	21.0 	
31.0 	48.0 	337.0	82.0 	34.0 	26.0 	23.0 	21.0 	
27.0 	52.0 	353.0	83.0 	34.0 	26.0 	21.0 	20.0 	
];finger4 = [27.0 	48.0 	400.0	82.0 	39.0 	24.0 	22.0 	21.0 	
26.0 	42.0 	348.0	81.0 	39.0 	26.0 	23.0 	22.0 	
33.0 	45.0 	377.0	89.0 	36.0 	24.0 	22.0 	23.0 	
33.0 	39.0 	343.0	114.0	37.0 	26.0 	23.0 	23.0 	
34.0 	36.0 	311.0	116.0	35.0 	25.0 	22.0 	24.0 	
30.0 	34.0 	263.0	115.0	33.0 	24.0 	22.0 	24.0 	
31.0 	40.0 	270.0	128.0	32.0 	24.0 	22.0 	23.0 	
26.0 	37.0 	252.0	123.0	35.0 	25.0 	22.0 	21.0 	
25.0 	35.0 	250.0	105.0	35.0 	26.0 	21.0 	21.0 	
22.0 	39.0 	239.0	103.0	36.0 	26.0 	20.0 	17.0 	
34.0 	39.0 	250.0	105.0	39.0 	26.0 	19.0 	20.0 	
35.0 	36.0 	240.0	84.0 	42.0 	25.0 	19.0 	20.0 	
